-71.138365,-73.496855,-74.314465,-77.616352,-80.918239,-77.490566,-82.553459,-500.000000,-500.000000
-71.042683,-73.390244,-74.365854,-77.963415,-80.737805,-77.506098,-82.567073,-500.000000,-500.000000
-70.952663,-73.289941,-74.384615,-78.319527,-80.568047,-77.757396,-82.550296,-500.000000,-500.000000
-70.867816,-73.281609,-74.402299,-78.224138,-80.408046,-77.994253,-82.505747,-500.000000,-500.000000
-70.787709,-73.273743,-74.446927,-78.134078,-80.256983,-77.966480,-82.463687,-500.000000,-500.000000
-70.711957,-73.266304,-74.489130,-78.048913,-80.114130,-77.940217,-82.451087,-500.000000,-500.000000
-70.640212,-73.179894,-74.529101,-77.968254,-79.978836,-78.206349,-82.439153,-500.000000,-500.000000
-70.572165,-73.175258,-74.618557,-77.891753,-79.850515,-78.458763,-82.402062,-500.000000,-500.000000
-70.507538,-73.170854,-74.628141,-77.819095,-79.728643,-78.396985,-82.391960,-500.000000,-500.000000
-70.446078,-73.166667,-74.686275,-77.750000,-79.735294,-78.362745,-82.333333,-500.000000,-500.000000
-81.578616,-76.578616,-74.597484,-80.383648,-79.786164,-80.886792,-90.477987,-500.000000,-500.000000
-81.500000,-76.378049,-74.396341,-80.250000,-79.762195,-80.798780,-90.341463,-500.000000,-500.000000
-81.426036,-76.218935,-74.207101,-80.124260,-79.739645,-80.715976,-90.301775,-500.000000,-500.000000
-81.356322,-76.068966,-74.229885,-80.005747,-79.718391,-80.637931,-90.321839,-500.000000,-500.000000
-81.290503,-75.927374,-74.251397,-80.033520,-79.698324,-80.564246,-90.340782,-500.000000,-500.000000
-81.228261,-75.793478,-74.081522,-80.059783,-79.679348,-80.548913,-90.141304,-500.000000,-500.000000
-81.169312,-75.746032,-73.894180,-79.952381,-79.661376,-80.534392,-89.952381,-500.000000,-500.000000
-81.113402,-75.701031,-73.716495,-79.850515,-79.644330,-80.520619,-89.773196,-500.000000,-500.000000
-81.060302,-75.658291,-73.547739,-79.929648,-79.628141,-80.633166,-89.703518,-500.000000,-500.000000
-81.009804,-75.862745,-73.387255,-80.004902,-79.612745,-80.740196,-89.759804,-500.000000,-500.000000
-93.654088,-91.169811,-94.283019,-71.987421,-89.503145,-84.251572,-87.679245,-90.289308,-100.415094
-93.634146,-91.195122,-94.365854,-71.926829,-89.731707,-84.000000,-87.536585,-90.402439,-100.463415
-93.615385,-91.218935,-94.177515,-71.869822,-89.769231,-83.763314,-87.402367,-90.508876,-100.508876
-93.597701,-91.241379,-94.000000,-71.816092,-89.804598,-83.540230,-87.275862,-90.609195,-100.551724
-93.581006,-91.262570,-93.832402,-71.765363,-89.837989,-83.329609,-87.351955,-90.703911,-100.592179
-93.565217,-91.282609,-93.673913,-71.717391,-89.869565,-83.130435,-87.423913,-90.793478,-100.630435
-93.550265,-91.301587,-93.523810,-71.671958,-89.899471,-82.941799,-87.492063,-90.878307,-100.666667
-93.536082,-91.319588,-93.381443,-71.628866,-89.927835,-82.762887,-87.556701,-90.958763,-100.701031
-93.497487,-91.336683,-93.246231,-71.587940,-89.954774,-82.592965,-87.618090,-91.035176,-100.733668
-93.460784,-91.352941,-93.117647,-71.549020,-89.980392,-82.431373,-87.676471,-91.107843,-100.764706
-90.069182,-88.308176,-87.773585,-76.610063,-88.905660,-86.610063,-68.622642,-500.000000,-500.000000
-90.158537,-88.268293,-87.810976,-76.560976,-88.878049,-86.804878,-68.603659,-500.000000,-500.000000
-90.242604,-88.230769,-87.816568,-76.514793,-88.852071,-86.988166,-68.556213,-500.000000,-500.000000
-90.321839,-88.195402,-87.821839,-76.471264,-88.827586,-86.931034,-68.655172,-500.000000,-500.000000
-90.340782,-88.162011,-87.826816,-76.430168,-88.804469,-86.877095,-68.608939,-500.000000,-500.000000
-90.358696,-88.130435,-87.831522,-76.391304,-88.782609,-86.826087,-68.538043,-500.000000,-500.000000
-90.375661,-88.126984,-87.835979,-76.354497,-88.814815,-86.777778,-68.523810,-500.000000,-500.000000
-90.391753,-88.123711,-87.840206,-76.319588,-88.845361,-86.706186,-68.510309,-500.000000,-500.000000
-90.407035,-88.120603,-87.844221,-76.286432,-88.849246,-86.663317,-68.472362,-500.000000,-500.000000
-90.421569,-88.117647,-87.848039,-76.254902,-88.852941,-86.622549,-68.583333,-500.000000,-500.000000
-100.603774,-101.484277,-99.345912,-100.100629,-97.333333,-94.974843,-91.138365,-93.905660,-97.930818
-100.585366,-101.439024,-99.365854,-100.219512,-97.414634,-95.036585,-91.195122,-94.121951,-97.902439
-100.568047,-101.396450,-99.384615,-100.331361,-97.491124,-95.094675,-91.248521,-94.325444,-97.875740
-100.551724,-101.356322,-99.402299,-100.436782,-97.563218,-95.149425,-91.298851,-94.517241,-97.850575
-100.536313,-101.318436,-99.418994,-100.424581,-97.631285,-95.201117,-91.346369,-94.698324,-97.826816
-100.521739,-101.282609,-99.434783,-100.413043,-97.695652,-95.250000,-91.391304,-94.869565,-97.804348
-100.507937,-101.248677,-99.449735,-100.402116,-97.756614,-95.296296,-91.354497,-95.031746,-97.783069
-100.494845,-101.216495,-99.463918,-100.391753,-97.814433,-95.340206,-91.319588,-95.185567,-97.762887
-100.482412,-101.185930,-99.477387,-100.381910,-97.869347,-95.381910,-91.286432,-95.331658,-97.743719
-100.470588,-101.156863,-99.490196,-100.372549,-97.921569,-95.421569,-91.254902,-95.470588,-97.725490
-90.729560,-84.377358,-81.264151,-94.471698,-91.547170,-91.610063,-97.050314,-99.094340,-91.861635
-90.951220,-84.243902,-81.195122,-94.426829,-91.621951,-91.682927,-97.170732,-99.060976,-91.926829
-91.159763,-84.118343,-81.130178,-94.384615,-91.189349,-91.751479,-97.284024,-99.029586,-91.988166
-91.356322,-84.000000,-81.068966,-94.344828,-90.781609,-91.816092,-97.390805,-99.000000,-92.045977
-91.402235,-84.000000,-81.150838,-94.307263,-90.396648,-91.821229,-97.491620,-98.972067,-92.100559
-91.445652,-84.000000,-81.228261,-94.271739,-90.032609,-91.826087,-97.586957,-98.945652,-92.152174
-91.486772,-84.000000,-81.328042,-94.238095,-89.687831,-91.830688,-97.677249,-98.920635,-92.201058
-91.525773,-84.000000,-81.422680,-94.206186,-89.360825,-91.835052,-97.762887,-98.896907,-92.247423
-91.562814,-84.000000,-81.512563,-94.251256,-89.050251,-91.839196,-97.844221,-98.874372,-92.291457
-91.598039,-84.000000,-81.598039,-94.294118,-88.754902,-91.843137,-97.921569,-98.852941,-92.333333
-84.314465,-83.308176,-92.836478,-97.742138,-93.622642,-83.811321,-500.000000,-96.264151,-98.025157
-84.304878,-83.268293,-92.841463,-98.024390,-93.756098,-83.756098,-500.000000,-96.317073,-98.085366
-84.295858,-83.408284,-92.846154,-98.289941,-93.881657,-83.704142,-500.000000,-96.366864,-98.142012
-84.287356,-83.540230,-92.850575,-98.540230,-94.000000,-83.655172,-500.000000,-96.413793,-98.195402
-84.279330,-83.664804,-92.715084,-98.776536,-94.111732,-83.608939,-500.000000,-96.458101,-98.245810
-84.271739,-83.782609,-92.586957,-99.000000,-94.217391,-83.565217,-500.000000,-96.500000,-98.293478
-84.264550,-83.894180,-92.465608,-99.211640,-94.317460,-83.523810,-500.000000,-96.539683,-98.338624
-84.257732,-84.000000,-92.350515,-99.412371,-94.412371,-83.484536,-500.000000,-96.577320,-98.381443
-84.251256,-84.100503,-92.291457,-99.603015,-94.502513,-83.447236,-500.000000,-96.613065,-98.422111
-84.245098,-84.196078,-92.235294,-99.784314,-94.588235,-83.411765,-500.000000,-96.647059,-98.460784
-87.616352,-73.339623,-79.377358,-68.088050,-80.037736,-73.528302,-500.000000,-500.000000,-500.000000
-87.628049,-73.542683,-79.396341,-68.085366,-80.402439,-73.695122,-500.000000,-500.000000,-500.000000
-87.639053,-73.733728,-79.088757,-68.082840,-80.745562,-73.852071,-500.000000,-500.000000,-500.000000
-87.649425,-73.913793,-78.798851,-68.080460,-81.068966,-74.000000,-500.000000,-500.000000,-500.000000
-87.659218,-74.027933,-78.525140,-68.078212,-81.374302,-74.139665,-500.000000,-500.000000,-500.000000
-87.668478,-74.135870,-78.266304,-68.076087,-81.554348,-74.271739,-500.000000,-500.000000,-500.000000
-87.650794,-74.052910,-78.285714,-68.074074,-81.539683,-74.396825,-500.000000,-500.000000,-500.000000
-87.685567,-73.974227,-78.046392,-68.072165,-81.525773,-74.515464,-500.000000,-500.000000,-500.000000
-87.718593,-73.899497,-78.045226,-68.170854,-81.512563,-74.552764,-500.000000,-500.000000,-500.000000
-87.750000,-73.828431,-78.044118,-68.264706,-81.500000,-74.588235,-500.000000,-500.000000,-500.000000
-500.000000,-96.044025,-500.000000,-90.477987,-85.981132,-80.635220,-85.823899,-79.471698,-98.779874
-500.000000,-96.073171,-500.000000,-90.585366,-86.012195,-80.646341,-85.646341,-79.487805,-98.817073
-500.000000,-96.100592,-500.000000,-90.686391,-86.041420,-80.656805,-85.479290,-79.650888,-98.881657
-500.000000,-96.126437,-500.000000,-90.781609,-86.068966,-80.666667,-85.321839,-79.804598,-98.942529
-500.000000,-96.150838,-500.000000,-90.871508,-86.094972,-80.675978,-85.173184,-79.949721,-99.000000
-500.000000,-96.173913,-500.000000,-90.956522,-86.119565,-80.684783,-85.032609,-80.086957,-99.054348
-500.000000,-96.195767,-500.000000,-91.037037,-86.142857,-80.693122,-84.899471,-80.216931,-99.105820
-500.000000,-96.216495,-500.000000,-91.113402,-86.164948,-80.701031,-84.773196,-80.340206,-99.154639
-500.000000,-96.211055,-500.000000,-91.185930,-86.185930,-80.708543,-84.703518,-80.457286,-99.201005
-500.000000,-96.205882,-500.000000,-91.254902,-86.205882,-80.715686,-84.637255,-80.568627,-99.245098
-87.773585,-84.529248,-77.184258,-88.654088,-83.339623,-78.213836,-91.201258,-90.823899,-84.849057
-87.841463,-84.370879,-77.058511,-88.695122,-83.390244,-78.329268,-91.225610,-90.859756,-84.701220
-87.905325,-84.216802,-76.934974,-88.733728,-83.437870,-78.437870,-91.248521,-90.863905,-84.680473
-87.965517,-84.066845,-76.804878,-88.712644,-83.482759,-78.540230,-91.270115,-90.867816,-84.804598
-88.022346,-83.920844,-76.677029,-88.692737,-83.525140,-78.525140,-91.318436,-90.843575,-84.949721
-88.076087,-83.791667,-76.551370,-88.673913,-83.429348,-78.510870,-91.336957,-90.820652,-84.923913
-88.179894,-83.665810,-76.402377,-88.735450,-83.338624,-78.497354,-91.380952,-90.772487,-84.899471
-88.278351,-83.543147,-76.247475,-88.793814,-83.252577,-78.536082,-91.422680,-90.804124,-84.876289
-88.472362,-83.423559,-76.095159,-88.849246,-83.170854,-78.572864,-91.462312,-90.834171,-84.979899
-88.485294,-83.443069,-75.961921,-88.950980,-83.093137,-78.607843,-91.475490,-90.789216,-84.931373
-97.144654,-93.637883,-88.973166,-99.628931,-97.018868,-86.012579,-100.918239,-500.000000,-96.830189
-97.292683,-93.587912,-88.858156,-99.731707,-97.048780,-85.768293,-100.951220,-500.000000,-96.987805
-97.431953,-93.539295,-88.666081,-99.828402,-97.076923,-85.538462,-100.982249,-500.000000,-97.136095
-97.563218,-93.491979,-88.477352,-99.919540,-97.103448,-85.321839,-101.011494,-500.000000,-97.275862
-97.687151,-93.445910,-88.291883,-99.893855,-97.100559,-85.117318,-101.039106,-500.000000,-97.407821
-97.804348,-93.401042,-88.109589,-99.869565,-97.097826,-84.923913,-101.065217,-500.000000,-97.532609
-97.915344,-93.357326,-87.921902,-99.846561,-97.095238,-84.740741,-101.089947,-500.000000,-97.677249
-98.020619,-93.314721,-87.737374,-99.824742,-97.092784,-84.567010,-101.113402,-500.000000,-97.814433
-98.120603,-93.273183,-87.555927,-99.804020,-97.090452,-84.402010,-101.135678,-500.000000,-97.944724
-98.215686,-93.232673,-87.377483,-99.784314,-97.088235,-84.245098,-101.156863,-500.000000,-98.068627
-91.389937,-92.983287,-90.529517,-84.125786,-83.465409,-67.805031,-94.534591,-500.000000,-500.000000
-91.317073,-93.010989,-90.453901,-84.365854,-83.390244,-67.780488,-94.548780,-500.000000,-500.000000
-91.248521,-93.037940,-90.388401,-84.591716,-83.319527,-67.757396,-94.562130,-500.000000,-500.000000
-91.183908,-93.064171,-90.324042,-84.804598,-83.252874,-67.735632,-94.574713,-500.000000,-500.000000
-91.346369,-93.089710,-90.260794,-85.005587,-83.189944,-67.715084,-94.586592,-500.000000,-500.000000
-91.500000,-93.114583,-90.198630,-85.195652,-83.130435,-67.695652,-94.597826,-500.000000,-500.000000
-91.645503,-93.113111,-90.137521,-85.375661,-83.179894,-67.677249,-94.555556,-500.000000,-500.000000
-91.783505,-93.111675,-90.077441,-85.546392,-83.226804,-67.659794,-94.515464,-500.000000,-500.000000
-91.914573,-93.110276,-90.018364,-85.708543,-83.271357,-67.643216,-94.477387,-500.000000,-500.000000
-92.039216,-93.108911,-89.960265,-85.862745,-83.313725,-67.627451,-94.441176,-500.000000,-500.000000
-101.893082,-98.192201,-95.645796,-97.018868,-93.088050,-77.113208,-91.578616,-84.471698,-84.628931
-101.926829,-98.120879,-95.631206,-97.048780,-92.963415,-76.926829,-91.621951,-84.487805,-84.548780
-101.958580,-98.051491,-95.616872,-97.076923,-92.846154,-76.751479,-91.603550,-84.502959,-84.473373
-101.988506,-97.983957,-95.602787,-97.103448,-92.735632,-76.586207,-91.586207,-84.517241,-84.402299
-102.016760,-97.918206,-95.588946,-97.128492,-92.631285,-76.430168,-91.569832,-84.530726,-84.614525
-102.043478,-97.854167,-95.575342,-97.152174,-92.532609,-76.282609,-91.554348,-84.543478,-84.815217
-102.068783,-97.791774,-95.561969,-97.227513,-92.439153,-76.142857,-91.539683,-84.555556,-85.005291
-102.092784,-97.730964,-95.548822,-97.298969,-92.350515,-76.010309,-91.525773,-84.567010,-85.185567
-102.115578,-97.671679,-95.535893,-97.366834,-92.266332,-75.884422,-91.386935,-84.577889,-85.356784
-102.137255,-97.613861,-95.523179,-97.431373,-92.186275,-75.764706,-91.254902,-84.588235,-85.519608
-500.000000,-90.792453,-86.493036,-500.000000,-101.578616,-90.163522,-500.000000,-500.000000,-95.100629
-500.000000,-90.707317,-86.417582,-500.000000,-101.560976,-90.219512,-500.000000,-500.000000,-95.280488
-500.000000,-90.627219,-86.371274,-500.000000,-101.544379,-90.449704,-500.000000,-500.000000,-95.449704
-500.000000,-90.551724,-86.326203,-500.000000,-101.528736,-90.666667,-500.000000,-500.000000,-95.609195
-500.000000,-90.480447,-86.189974,-500.000000,-101.513966,-90.871508,-500.000000,-500.000000,-95.759777
-500.000000,-90.413043,-86.057292,-500.000000,-101.500000,-91.065217,-500.000000,-500.000000,-95.902174
-500.000000,-90.587302,-85.928021,-500.000000,-101.486772,-91.248677,-500.000000,-500.000000,-95.957672
-500.000000,-90.752577,-85.802030,-500.000000,-101.474227,-91.422680,-500.000000,-500.000000,-96.010309
-500.000000,-90.909548,-85.679198,-500.000000,-101.462312,-91.587940,-500.000000,-500.000000,-96.060302
-500.000000,-91.058824,-85.559406,-500.000000,-101.450980,-91.745098,-500.000000,-500.000000,-96.107843
-500.000000,-79.628931,-76.144847,-90.100629,-85.698113,-79.817610,-89.880503,-500.000000,-500.000000
-500.000000,-79.640244,-76.101648,-90.128049,-85.707317,-79.884146,-89.914634,-500.000000,-500.000000
-500.000000,-79.650888,-76.059621,-90.153846,-85.715976,-79.857988,-89.887574,-500.000000,-500.000000
-500.000000,-79.632184,-75.991979,-90.178161,-85.724138,-79.919540,-89.890805,-500.000000,-500.000000
-500.000000,-79.642458,-75.978892,-90.201117,-85.731844,-79.921788,-89.893855,-500.000000,-500.000000
-500.000000,-79.652174,-75.927083,-90.222826,-85.739130,-79.923913,-89.951087,-500.000000,-500.000000
-500.000000,-79.661376,-75.876607,-90.243386,-85.746032,-79.925926,-90.031746,-500.000000,-500.000000
-500.000000,-79.670103,-75.827411,-90.262887,-85.752577,-79.927835,-90.005155,-500.000000,-500.000000
-500.000000,-79.678392,-75.754386,-90.281407,-85.758794,-79.929648,-90.005025,-500.000000,-500.000000
-500.000000,-79.686275,-75.707921,-90.323529,-85.764706,-79.955882,-90.004902,-500.000000,-500.000000
-500.000000,-92.113208,-92.217270,-89.911950,-91.358491,-68.119497,-97.553459,-94.849057,-87.364780
-500.000000,-92.170732,-92.131868,-89.853659,-91.439024,-68.085366,-97.475610,-94.914634,-87.292683
-500.000000,-92.313609,-92.048780,-89.798817,-91.514793,-68.053254,-97.402367,-94.976331,-87.224852
-500.000000,-92.448276,-91.967914,-89.747126,-91.586207,-68.022989,-97.333333,-95.034483,-87.160920
-500.000000,-92.575419,-91.889182,-89.698324,-91.653631,-67.994413,-97.268156,-95.089385,-87.100559
-500.000000,-92.695652,-91.812500,-89.652174,-91.717391,-67.967391,-97.206522,-95.141304,-87.043478
-500.000000,-92.809524,-91.763496,-89.608466,-91.777778,-68.047619,-97.227513,-95.190476,-87.068783
-500.000000,-92.917526,-91.715736,-89.567010,-91.835052,-68.123711,-97.247423,-95.237113,-87.092784
-500.000000,-93.020101,-91.593985,-89.527638,-91.889447,-68.195980,-97.266332,-95.281407,-87.115578
-500.000000,-93.117647,-91.475248,-89.490196,-91.941176,-68.264706,-97.284314,-95.323529,-87.137255
-92.207547,-91.228412,-88.910555,-87.899371,-80.289308,-76.295597,-84.943396,-500.000000,-500.000000
-92.201220,-91.197802,-88.840426,-87.902439,-80.371951,-76.164634,-85.189024,-500.000000,-500.000000
-92.195266,-91.249322,-88.780316,-87.905325,-80.449704,-76.041420,-85.390533,-500.000000,-500.000000
-92.160920,-91.299465,-88.721254,-87.908046,-80.522989,-75.954023,-85.350575,-500.000000,-500.000000
-92.128492,-91.348285,-88.663212,-87.910615,-80.592179,-75.983240,-85.340782,-500.000000,-500.000000
-92.097826,-91.395833,-88.606164,-87.913043,-80.657609,-75.847826,-85.331522,-500.000000,-500.000000
-92.068783,-91.442159,-88.533107,-87.915344,-80.746032,-75.719577,-85.507937,-500.000000,-500.000000
-92.041237,-91.487310,-88.461279,-87.917526,-80.829897,-75.597938,-85.469072,-500.000000,-500.000000
-92.040201,-91.531328,-88.398998,-87.919598,-80.909548,-75.482412,-85.432161,-500.000000,-500.000000
-92.039216,-91.549505,-88.362583,-87.921569,-80.985294,-75.372549,-85.544118,-500.000000,-500.000000
-99.345912,-100.935933,-95.261181,-500.000000,-93.150943,-74.125786,-95.792453,-94.849057,-92.522013
-99.487805,-100.813187,-95.187943,-500.000000,-93.146341,-74.243902,-95.768293,-94.853659,-92.536585
-99.621302,-100.693767,-95.115993,-500.000000,-93.142012,-74.355030,-95.745562,-94.857988,-92.550296
-99.747126,-100.577540,-95.045296,-500.000000,-93.137931,-74.459770,-95.724138,-94.862069,-92.563218
-99.865922,-100.464380,-94.975820,-500.000000,-93.134078,-74.558659,-95.703911,-94.865922,-92.575419
-99.978261,-100.354167,-94.907534,-500.000000,-93.130435,-74.652174,-95.684783,-94.869565,-92.586957
-100.084656,-100.246787,-94.840407,-500.000000,-93.126984,-74.714286,-95.666667,-94.899471,-92.597884
-100.185567,-100.142132,-94.774411,-500.000000,-93.123711,-74.773196,-95.649485,-94.927835,-92.608247
-100.281407,-100.040100,-94.667780,-500.000000,-93.120603,-74.829146,-95.633166,-94.954774,-92.618090
-100.372549,-99.940594,-94.562914,-500.000000,-93.117647,-74.882353,-95.617647,-94.980392,-92.627451